### Community and family data on unemployment and ppvt scores.
### FAMID: family id number
### COMMID: community id number
### SIBCL5: sibling classification
###                1=monozygotic twins
###                2=dizygotic twins
### AH_PVT1: PPVT score
### BST90745: community-level unemployment rate
###
"eliz" <-
structure(list(
  unemploy = c(0.036893, 0.036893, NA, NA, 0.0085714, 
    0.0085714, 0, 0, 0.036471, 0.036471, 0.032432, 0.032432, 0.096154, 
    0.096154, 0.10890, 0.10890, 0.059375, 0.059375, 0, 0, 0.016451, 
    0.016451, 0.13617, 0.13617, 0.063624, 0.063624, 0, 0, 0.072562, 
    0.072562, 0.18896, 0.18896, 0.12011, 0.12011, 0.048504, 0.048504, 
    0.048504, 0.048504, 0.19687, 0.19687, 0.037752, 0.037752, 0.11127, 
    0.11127, 0.050514, 0.050514, 0.05571, 0.05571, NA, NA, 0.062323, 
    0.062323, 0.022005, 0.022005, 0.011254, 0.011254, 0.028351, 0.028351, 
    0.040404, 0.040404, 0.086207, 0.086207, 0.067118, 0.067118, 0.051635, 
    0.051635, 0.068471, 0.068471, 0.10571, 0.10571, 0.10793, 0.10793, 
    0.036728, 0.036728, 0.020997, 0.020997, 0.006424, 0.006424, 0.035294, 
    0.035294, 0.044809, 0.044809, 0.028866, 0.028866, 0.033708, 0.033708, 
    0.056159, 0.056159, 0.056159, 0.056159, 0.056604, 0.056604, 0.078261, 
    0.078261, 0.070175, 0.070175, 0.04451, 0.04451, NA, NA, 0.050602, 
    0.050602, 0, 0, 0.18224, 0.18224, 0.020873, 0.020873, 0.030717, 
    0.030717, 0.066667, 0.066667, 0.10123, 0.10123, 0.0026087, 0.0026087, 
    0.14144, 0.14144, 0.29618, 0.29618, 0.030636, 0.030636, NA, NA, 
    0.16107, 0.16107, 0.0063857, 0.0063857, 0.05198, 0.05198, 0.087558, 
    0.087558, 0.060632, 0.060632, 0.060632, 0.023026, 0.023026, 0.10809, 
    0.10809, 0.034958, 0.034958, 0.33413, 0.33413, 0.063348, 0.063348, 
    0.031034, 0.031034, 0.022624, 0.022624, 0.066225, 0.066225, 0.032986, 
    0.032986, NA, NA, 0.021898, 0.021898, 0.13270, 0.13270, 0.12431, 
    0.12431, 0.02459, 0.02459, 0.046322, 0.046322, 0.084404, 0.084404, 
    0.14953, 0.14953, 0.037415, 0.037415, 0.04703, 0.04703, 0.037415, 
    0.037415, 0.12524, 0.12524, 0.029881, 0.029881, 0.035195, 0.035195, 
    0.019856, 0.019856, 0.024456, 0.024456, NA, NA, 0.037486, 0.037486, 
    0.028866, 0.028866, 0.036437, 0.036437, 0.13239, 0.1, 0.099071, 
    0.099071, 0.24138, 0.24138, 0.062874, 0.062874, 0.11146, 0.11146, 
    0.08094, 0.08094, NA, NA, 0.058824, 0.058824, 0.04067, 0.04067, 
    0.12996, 0.12996, 0.27139, 0.27139, NA, NA, 0.055236, 0.055236, 
    0.056047, 0.056047, 0.037415, 0.037415, 0.057674, 0.057674, 0.027828, 
    0.027828, 0.080537, 0.080537, 0.0875, 0.0875, 0.09796, 0.09796, 
    0.046835, 0.046835, 0.22293, 0.22293, 0.032727, 0.044786, 0.013002, 
    0.013002, 0.027481, 0.027481, 0.087049, 0.087049, 0.018634, 0.018634, 
    0.085973, 0.085973, 0.068762, 0.068762, 0.011905, 0.011905, 0.031069, 
    0.031069, 0, 0, 0.037752, 0.037752, 0.073216, 0.073216, 0.11381, 
    0.11381, 0.046322, 0.046322, 0.012346, 0.012346, 0.19032, 0.19032, 
    0.20024, 0.20024, 0.12947, 0.073356, 0.059063, 0.059063, 0.034165, 
    0.034165, NA, NA, 0, 0, 0.062615, 0.062615, 0.053135, 0.053135, 
    0.068, 0.068, 0.030948, 0.030948, 0.24557, 0.24557, 0.099071, 
    0.099071, 0.080524, 0.080524, NA, 0.31801, 0.092135, 0.092135, 
    0.078261, 0.078261, 0.21333, 0.21333, 0.18466, 0.18466, 0.050302, 
    0.050302, 0.20923, 0.20923, 0.22364, 0.22364, 0, 0, 0.10245, 
    0.10245, 0.10648, 0.10648, 0.024876, 0.024876, 0.021493, 0.021493, 
    0.034173, 0.034173, NA, NA, 0.10405, 0.10405, 0.032951, 0.032951, 
    0.17975, 0.17975, 0.23166, 0.23166, 0.15526, 0.15526, 0.04578, 
    0.04578, 0.13032, 0.13032, 0.33717, 0.33717, NA, NA, 0.11554, 
    0.053608, 0.083756, 0.083756, 0.020188, 0.020188, 0, 0.029881, 
    0, 0.029881, 0.18406, 0.18406, 0.080592, 0.080592, 0.041068, 
    0.041068, 0.10256, 0.25676, 0, 0, 0.036728, 0.036728, 0.23977, 
    0.23977, 0.027089, 0.027089, 0.025, 0.025, 0.010345, 0.010345, 
    0.032986, 0.032986, 0.11687, 0.11687, 0.047382, 0.047382, 0.069544, 
    0.069544, 0.058824, 0.058824, 0.20942, 0.20942, 0.30484, 0.30484, 
    0.041736, 0.041736, 0.13274, 0.13274, 0, 0, 0.036221, 0.036221, 
    0.097248, 0.097248, 0, 0, 0.039422, 0.039422, 0.12383, 0.12383, 
    0.092982, 0.092982, 0.022857, 0.022857, 0.088977, 0.088977, 0.053135, 
    0.053135, 0.068, 0.068, 0.22364, 0.22364, 0.10804, 0.10804, 0.077778, 
    0.077778, 0.061144, 0.061144, 0.033363, 0.033363, 0.070175, 0.070175, 
    0.11041, 0.11041, 0.14178, 0.14178, 0, 0, 0.037671, 0.037671, 
    0.10539, 0.10539, 0.13677, 0.13677, 0.078704, 0.078704, 0.15311, 
    0.15311, 0.027523, 0.027523, NA, 0.044248, 0.035011, 0.035011, 
    0.088977, 0.088977, 0.080537, 0.080537, 0.092383, 0.092383, 0.0026087, 
    0.0026087, 0.019771, 0.019771, 0.04328, 0.04328, 0.031172, 0.031172, 
    0.029885, 0.029885, 0.14925, 0.14925, 0.033520, 0.033520, 0.029851, 
    0.029851, 0.020474, 0.020474, 0.074699, 0.074699, 0.079057, 0.079057, 
    0.080224, 0.080224, 0.049123, 0.049123, 0.05104, 0.05104, NA, 
    NA, NA, NA, 0.015341, 0.015341, 0.060315, 0.060315, 0.18018, 
    0.18018, 0.16348, 0.16348, 0.078431, 0.078431, 0.070175, 0.070175, 
    0.085954, 0.085954, 0.024611, 0.024611, 0.050602, 0.050602, 0.048186, 
    0.048186, 0.034653, 0.034653, 0.13675, 0.13675, 0.11159, 0.11159, 
    0.13824, 0.13824, 0.035928, 0.035928, 0.10256, 0.10256, 0.032823, 
    0.032823, 0.072562, 0.072562, 0.01973, 0.01973, 0.090498, 0.090498, 
    0.048128, 0.048128, 0.058252, 0.058252, 0.034965, 0.034965, 0.040359, 
    0.040359, 0.15304, 0.15304, 0.11765, 0.11765, 0.047475, 0.047475, 
    0.024641, 0.024641, 0.03125, 0.03125, 0.016591, 0.016591, 0.05614, 
    0.05614, 0.080318, 0.080318, 0.24621, 0.24621, 0.046083, 0.046083, 
    0, 0, 0.14857, 0.14857, 0.17241, 0.17241, 0.091525, 0.027027, 
    0.041068, 0.041068, 0.065217, 0.065217, 0, 0, 0.0064851, 0.0064851, 
    0.1, 0.1, 0.065217, 0.065217, 0.03777, 0.03777, 0.016620, 0.016620, 
    0.11475, 0.11475, 0.043412, 0.043412, 0, 0, NA, NA, 0.22924, 
    0.22924, 0.11687, 0.11687, 0.037543, 0.037543, 0.019068, 0.019068, 
    0.10890, 0.10890, 0.070661, 0.070661, 0.11043, 0.11043, 0.059375, 
    0.059375, 0.035008, 0.035008, 0.037559, 0.037559, 0.059896, 0.059896, 
    0.067983, 0.067983, 0.02193, 0.02193, 0.021445, 0.021445, 0.10459, 
    0.10459, 0.0072333, 0.0072333, 0.086446, 0.086446, 0.034965, 
    0.034965, 0.080524, 0.080524, 0, 0, 0.031313, 0.031313, 0.018692, 
    0.018692, 0.050514, 0.050514, 0.079137, 0.079137, 0.021898, 0.021898, 
    0.08204, 0.08204, 0.037278, 0.037278, 0.039911, 0.039911, 0.060226, 
    0.060226, 0.15318, 0.15318, 0.15566, 0.15566, 0, 0, 0.044604, 
    0.044604, 0.094923, 0.094923, 0.046444, 0.046444, 0.031994, 0.031994, 
    0.044776, 0.044776, 0.070661, 0.070661, 0.06789, 0.06789, 0.078474, 
    0.078474, NA, NA, 0, 0, 0.027089, 0.027089, 0.065163, 0.065163, 
    0.065163, 0.065163, 0, 0, 0.063559, 0.063559, 0.049261, 0.049261, 
    0.061389, 0.061389, 0.0091743, 0.0091743, 0.066279, 0.066279, 
    0.06424, 0.06424, 0.046322, 0.046322, NA, NA, 0.12524, 0.12524, 
    0.053135, 0.053135, 0, 0, 0.033829, 0.033829, 0.15144, 0.15144, 
    0.14587, 0.14587, 0.082143, 0.082143, 0.27434, 0.27434, 0.06701, 
    0.06701, 0.037752, 0.037752, NA, NA, 0.049528, 0.049528, 0.030457, 
    0.030457, 0, 0, 0.064935, 0.064935, 0.018321, 0.018321, 0.088042, 
    0.088042, 0.048408, 0.048408, 0.040426, 0.040426, 0.11687, 0.11687, 
    0, 0, 0.12562, 0.12562, 0.11006, 0.11006, 0.053254, 0.053254, 
    0.10539, 0.10539, 0, 0, 0.022005, 0.022005, 0.096774, 0.096774, 
    0.11745, 0.11745, 0.023715, 0.023715, 0.052375, 0.052375, 0.18056, 
    0.18056, 0.097248, 0.097248, 0.097248, 0.097248, 0.13793, 0.13793, 
    0.021231, 0.021231, 0.025074, 0.025074, 0.079104, 0.079104, 0.026477, 
    0.026477, 0, 0, 0.021427, 0.021427, 0.04902, 0.04902, 0.088525, 
    0.088525, 0.096545, 0.096545, 0.061389, 0.061389, 0.053012, 0.053012, 
