### $Id: Infant.q,v 1.2 1998/03/19 18:11:49 bates Exp $
### Infant motor development for premature and full-term babies
"Infant" <-
  structure(list
  (Infant = structure(factor(c(8, 8, 8, 8, 8, 8, 
     8, 8, 8, 8, 8, 8, 8, 7, 7, 7, 7, 7, 7, 7, 7, 7, 7, 7, 7, 7, 36, 
     36, 36, 36, 36, 36, 36, 36, 36, 36, 36, 36, 36, 3, 3, 3, 3, 3, 
     3, 3, 3, 3, 3, 3, 3, 3, 22, 22, 22, 22, 22, 22, 22, 22, 22, 22, 
     22, 22, 9, 9, 9, 9, 9, 9, 9, 9, 9, 9, 9, 9, 9, 23, 23, 23, 23, 
     23, 23, 23, 23, 23, 23, 23, 23, 23, 10, 10, 10, 10, 10, 10, 10, 
     10, 10, 10, 10, 10, 10, 24, 24, 24, 24, 24, 24, 24, 24, 24, 24, 
     24, 24, 42, 42, 42, 42, 42, 42, 42, 42, 42, 42, 42, 42, 42, 25, 
     25, 25, 25, 25, 25, 25, 25, 25, 25, 25, 25, 43, 43, 43, 43, 43, 
     43, 43, 43, 43, 43, 43, 43, 37, 37, 37, 37, 37, 37, 37, 37, 37, 
     37, 37, 38, 38, 38, 38, 38, 38, 38, 38, 38, 38, 38, 26, 26, 26, 
     26, 26, 26, 26, 26, 26, 26, 26, 26, 26, 21, 21, 21, 21, 21, 21, 
     21, 21, 21, 21, 21, 21, 39, 39, 39, 39, 39, 39, 39, 39, 39, 39, 
     39, 44, 44, 44, 44, 44, 44, 44, 44, 44, 44, 44, 27, 27, 27, 27, 
     27, 27, 27, 27, 27, 27, 20, 20, 20, 20, 20, 20, 20, 20, 20, 20, 
     20, 20, 20, 4, 4, 4, 4, 4, 4, 4, 4, 4, 4, 4, 4, 4, 28, 28, 28, 
     28, 28, 28, 28, 28, 28, 28, 28, 28, 28, 41, 41, 41, 41, 41, 41, 
     41, 41, 41, 41, 29, 29, 29, 29, 29, 29, 29, 29, 29, 29, 29, 29, 
     29, 16, 16, 16, 16, 16, 16, 16, 16, 16, 16, 16, 16, 16, 30, 30, 
     30, 30, 30, 30, 30, 30, 30, 30, 30, 30, 30, 11, 11, 11, 11, 11, 
     11, 11, 11, 11, 11, 11, 11, 11, 14, 14, 14, 14, 14, 14, 14, 14, 
     14, 14, 14, 14, 14, 12, 12, 12, 12, 12, 12, 12, 12, 12, 12, 12, 
     12, 12, 45, 45, 45, 45, 45, 45, 45, 45, 45, 45, 17, 17, 17, 17, 
     17, 17, 17, 17, 17, 17, 17, 17, 17, 18, 18, 18, 18, 18, 18, 18, 
     18, 18, 18, 18, 18, 18, 1, 1, 1, 1, 1, 1, 1, 1, 1, 1, 1, 1, 59, 
     59, 59, 59, 59, 59, 59, 59, 59, 59, 59, 59, 50, 50, 50, 50, 50, 
     50, 50, 50, 50, 50, 50, 50, 50, 55, 55, 55, 55, 55, 55, 55, 55, 
     55, 55, 55, 55, 55, 56, 56, 56, 56, 56, 56, 56, 56, 56, 56, 56, 
     56, 56, 31, 31, 31, 31, 31, 31, 31, 31, 31, 31, 31, 31, 15, 15, 
     15, 15, 15, 15, 15, 15, 15, 15, 15, 15, 15, 32, 32, 32, 32, 32, 
     32, 32, 32, 32, 32, 32, 32, 40, 40, 40, 40, 40, 40, 40, 40, 40, 
     40, 40, 33, 33, 33, 33, 33, 33, 33, 33, 33, 33, 33, 33, 34, 34, 
     34, 34, 34, 34, 34, 34, 34, 34, 34, 34, 34, 5, 5, 5, 5, 5, 5, 
     5, 5, 5, 5, 5, 5, 5, 13, 13, 13, 13, 13, 13, 13, 13, 13, 13, 
     13, 13, 13, 2, 2, 2, 2, 2, 2, 2, 2, 2, 2, 2, 2, 2, 6, 6, 6, 6, 
     6, 6, 6, 6, 6, 6, 6, 6, 6, 35, 35, 35, 35, 35, 35, 35, 35, 35, 
     35, 35, 35, 35, 19, 19, 19, 19, 19, 19, 19, 19, 19, 19, 19, 19, 
     19, 48, 48, 48, 48, 48, 48, 48, 48, 48, 48, 48, 48, 48, 60, 60, 
     60, 60, 60, 60, 60, 60, 60, 60, 60, 60, 60, 46, 46, 46, 46, 46, 
     46, 46, 46, 46, 46, 46, 46, 46, 75, 75, 75, 75, 75, 75, 75, 75, 
     75, 75, 75, 75, 80, 80, 80, 80, 80, 80, 80, 80, 80, 80, 80, 80, 
     57, 57, 57, 57, 57, 57, 57, 57, 57, 57, 57, 57, 57, 61, 61, 61, 
     61, 61, 61, 61, 61, 61, 61, 61, 61, 61, 81, 81, 81, 81, 81, 81, 
     81, 81, 81, 81, 81, 81, 81, 47, 47, 47, 47, 47, 47, 47, 47, 47, 
     47, 47, 52, 52, 52, 52, 52, 52, 52, 52, 52, 52, 52, 52, 52, 58, 
     58, 58, 58, 58, 58, 58, 58, 58, 58, 58, 58, 58, 76, 76, 76, 76, 
     76, 76, 76, 76, 76, 76, 76, 76, 76, 83, 83, 83, 83, 83, 83, 83, 
     83, 83, 83, 83, 83, 83, 62, 62, 62, 62, 62, 62, 62, 62, 62, 62, 
     62, 62, 62, 49, 49, 49, 49, 49, 49, 49, 49, 49, 49, 49, 49, 49, 
     70, 70, 70, 70, 70, 70, 70, 70, 70, 70, 70, 70, 70, 51, 51, 51, 
     51, 51, 51, 51, 51, 51, 51, 51, 51, 51, 53, 53, 53, 53, 53, 53, 
     53, 53, 53, 53, 53, 53, 53, 63, 63, 63, 63, 63, 63, 63, 63, 63, 
     63, 63, 63, 63, 82, 82, 82, 82, 82, 82, 82, 82, 82, 82, 82, 82, 
     82, 64, 64, 64, 64, 64, 64, 64, 64, 64, 64, 64, 64, 64, 84, 84, 
     84, 84, 84, 84, 84, 84, 84, 84, 84, 84, 65, 65, 65, 65, 65, 65, 
     65, 65, 65, 65, 65, 65, 65, 66, 66, 66, 66, 66, 66, 66, 66, 66, 
     66, 66, 66, 67, 67, 67, 67, 67, 67, 67, 67, 67, 67, 67, 67, 77, 
     77, 77, 77, 77, 77, 77, 77, 77, 77, 77, 77, 77, 54, 54, 54, 54, 
     54, 54, 54, 54, 54, 54, 54, 54, 68, 68, 68, 68, 68, 68, 68, 68, 
     68, 68, 68, 68, 68, 79, 79, 79, 79, 79, 79, 79, 79, 79, 79, 79, 
     79, 73, 73, 73, 73, 73, 73, 73, 73, 73, 73, 73, 73, 71, 71, 71, 
     71, 71, 71, 71, 71, 71, 71, 71, 71, 72, 72, 72, 72, 72, 72, 72, 
     72, 72, 72, 72, 72, 69, 69, 69, 69, 69, 69, 69, 69, 69, 69, 69, 
     69, 69, 78, 78, 78, 78, 78, 78, 78, 78, 78, 78, 78, 78, 78, 74, 
     74, 74, 74, 74, 74, 74, 74, 74, 74, 74, 74, 74), levels=1:84),
     class = c("ordered", "factor"),
     .Label = c("33", "46", "4", "21", "44", "47", "2", "1", "6", "8",
       "27", "29", "45", "28", "39", "25", "31", "32", "49", "20", "16",
       "5", "7", "9", "11", "15", "19", "22", "24", "26", "38", "40",
       "42", "43", "48", "3", "13", "14", "17", "41", "23", "10", "12",
       "18", "30", "52", "58", "50", "64", "35", "66", "59", "67", "76",
       "36", "37", "55", "60", "34", "51", "56", "63", "68", "70", "72",
       "73", "74", "77", "82", "65", "80", "81", "79", "84", "53", "61",
       "75", "83", "78", "54", "57", "69", "62", "71")),