### $Id: Multilocation.q,v 1.1 1998/04/10 23:02:01 bates Exp $
### A multilocation agricultural trial.  Data set 2.8.1 from
### "SAS System for Mixed Models".
"Multilocation" <-
  structure(list(
  obs = c(3, 4, 6, 7, 9, 10, 12, 16, 19, 20, 21, 
    22, 25, 27, 28, 31, 33, 35, 36, 40, 41, 44, 47, 48, 50, 51, 54, 
    56, 58, 59, 61, 62, 66, 67, 69, 70, 74, 77, 79, 80, 81, 83, 85, 
    88, 89, 90, 93, 94, 99, 100, 102, 103, 105, 106, 110, 112, 114, 
    115, 116, 117, 122, 123, 125, 126, 130, 131, 133, 135, 139, 140, 
    141, 143, 145, 147, 148, 151, 154, 155, 157, 160, 163, 164, 166, 
    167, 169, 173, 175, 176, 177, 179, 182, 184, 188, 190, 191, 192, 
    193, 196, 197, 198, 203, 204, 205, 208, 209, 212, 213, 214),
Location = structure(factor(c(6, 
  6, 6, 6, 6, 6, 6, 6, 6, 6, 6, 6, 1, 1, 1, 1, 1, 1, 1, 1, 1, 1, 
  1, 1, 7, 7, 7, 7, 7, 7, 7, 7, 7, 7, 7, 7, 2, 2, 2, 2, 2, 2, 2, 
  2, 2, 2, 2, 2, 3, 3, 3, 3, 3, 3, 3, 3, 3, 3, 3, 3, 8, 8, 8, 8, 
  8, 8, 8, 8, 8, 8, 8, 8, 5, 5, 5, 5, 5, 5, 5, 5, 5, 5, 5, 5, 9, 
  9, 9, 9, 9, 9, 9, 9, 9, 9, 9, 9, 4, 4, 4, 4, 4, 4, 4, 4, 4, 4, 
  4, 4), levels=1:9), class = c("ordered", "factor"),
  .Label = c("B", "D", "E", "I", "G", "A", "C", "F", "H")),
Block = structure(factor(c(1, 
  1, 1, 1, 2, 2, 2, 2, 3, 3, 3, 3, 1, 1, 1, 1, 2, 2, 2, 2, 3, 3, 
  3, 3, 1, 1, 1, 1, 2, 2, 2, 2, 3, 3, 3, 3, 1, 1, 1, 1, 2, 2, 2, 
  2, 3, 3, 3, 3, 1, 1, 1, 1, 2, 2, 2, 2, 3, 3, 3, 3, 1, 1, 1, 1, 
  2, 2, 2, 2, 3, 3, 3, 3, 1, 1, 1, 1, 2, 2, 2, 2, 3, 3, 3, 3, 1, 
  1, 1, 1, 2, 2, 2, 2, 3, 3, 3, 3, 1, 1, 1, 1, 2, 2, 2, 2, 3, 3, 
  3, 3), levels=1:3), class = "factor",
  .Label = c("1", "2", "3")),
Trt = structure(factor(c(3, 4, 2, 1, 2, 1, 3, 4, 1, 2, 3, 
  4, 3, 4, 2, 1, 4, 1, 3, 2, 2, 3, 4, 1, 4, 2, 3, 1, 3, 2, 1, 4, 
  4, 3, 1, 2, 1, 3, 2, 4, 3, 2, 1, 4, 3, 4, 2, 1, 3, 4, 2, 1, 2, 
  1, 4, 3, 1, 2, 3, 4, 1, 2, 4, 3, 2, 1, 4, 3, 3, 2, 1, 4, 2, 1, 
  4, 3, 4, 3, 1, 2, 4, 3, 2, 1, 3, 2, 4, 1, 2, 3, 4, 1, 4, 1, 3, 
  2, 2, 1, 4, 3, 1, 4, 3, 2, 2, 1, 4, 3), levels=1:4),
  class = "factor", .Label = c("1", "2", "3", "4")),
Adj = c(3.1645, 3.125, 3.1594, 3.25, 2.713, 
  3.2028, 3.0242, 2.8725, 2.6888, 2.8686, 2.8992, 3.0281, 2.1813, 
  2.5191, 1.8874, 2.3468, 2.4561, 2.2523, 2.2365, 2.4752, 1.942, 
  2.4324, 2.3018, 2.5338, 2.9601, 3.2355, 3.2464, 3.0471, 3.2645, 
  2.7138, 3.0652, 2.7174, 3.0362, 3.1051, 3.1630, 3.029, 2.4916, 
  2.5183, 2.3563, 2.3033, 2.7269, 2.5951, 2.5652, 2.9152, 2.5794, 
  2.9816, 2.3537, 2.2195, 2.8416, 2.6526, 2.4711, 2.8977, 2.5734, 
  2.9975, 2.9538, 3.0866, 2.7252, 2.7582, 3.0833, 3.1213, 3.206, 
  2.895, 3.369, 3.12, 3.193, 3.298, 3.097, 3.385, 3.449, 3.05, 
  3.435, 3.606, 2.5867, 3.1789, 2.9528, 3.1792, 2.6234, 2.6429, 
  3.1276, 2.5499, 2.5832, 2.8481, 2.6928, 3.1442, 3.3997, 3.1237, 
  3.1797, 3.7005, 2.9519, 3.4466, 3.2891, 3.375, 3.6510, 3.2773, 
  3.4271, 3.0482, 2.2210, 3.1553, 2.4026, 3, 2.2908, 2.2540, 2.6053, 
  2.3474, 2.5051, 2.3132, 2.4211, 2.7421),
Fe = c(7.1041, 6.6847, 
  6.8338, 6.5254, 8.2505, 7.5922, 7.3894, 7.4604, 8.2785, 7.947, 
  7.9739, 8.4331, 6.6691, 5.6281, 7.0723, 6.0295, 5.6195, 6.3978, 
  6.1799, 5.9985, 7.2975, 6.435, 6.3339, 6.1564, 7.511, 7.4762, 
  7.2063, 7.6389, 7.5466, 9.0895, 7.8723, 8.2318, 7.9426, 8.4608, 
  8.5549, 8.5038, 9.5758, 9.5121, 10.326, 9.7715, 9.5628, 9.9414, 
  9.3887, 8.3158, 10.442, 8.771, 11.015, 11.242, 8.7886, 8.6946, 
  9.7143, 9.2401, 9.5353, 8.7538, 8.821, 8.9427, 9.4308, 9.7721, 
  8.901, 8.4852, 6.3983, 6.6569, 6.0821, 6.5349, 6.6729, 6.5488, 
  6.6598, 6.2998, 6.2849, 6.9957, 6.7302, 6.3827, 8.1394, 7.0972, 
  7.314, 6.943, 7.515, 8.0237, 7.3169, 8.1957, 7.9687, 7.9284, 
  8.5303, 7.3564, 6.5945, 6.753, 6.4279, 6.483, 7.3809, 6.7929, 
  6.4807, 6.8139, 6.3068, 7.4789, 6.9327, 7.7264, 8.4243, 6.7119, 
  7.7486, 6.9215, 8.8861, 8.685, 8.415, 8.7866, 8.5975, 8.9267, 
  8.775, 8.1599),
Grp = structure(factor(c(16, 16, 16, 16, 17, 
  17, 17, 17, 18, 18, 18, 18, 1, 1, 1, 1, 2, 2, 2, 2, 3, 3, 3, 
  3, 19, 19, 19, 19, 20, 20, 20, 20, 21, 21, 21, 21, 4, 4, 4, 4, 
  5, 5, 5, 5, 6, 6, 6, 6, 7, 7, 7, 7, 8, 8, 8, 8, 9, 9, 9, 9, 22, 
  22, 22, 22, 23, 23, 23, 23, 24, 24, 24, 24, 13, 13, 13, 13, 14, 
  14, 14, 14, 15, 15, 15, 15, 25, 25, 25, 25, 26, 26, 26, 26, 27, 
  27, 27, 27, 10, 10, 10, 10, 11, 11, 11, 11, 12, 12, 12, 12),
  levels=1:27), class = c("ordered", "factor"),
  .Label = c("B/1", "B/2", "B/3", "D/1", "D/2", "D/3", 
    "E/1", "E/2", "E/3", "I/1", "I/2", "I/3", "G/1", "G/2", "G/3", 
    "A/1", "A/2", "A/3", "C/1", "C/2", "C/3", "F/1", "F/2", "F/3", 
    "H/1", "H/2", "H/3"))),
FUN = function (x) max(x, na.rm = TRUE),
class = c("nmGroupedData", "groupedData", "data.frame"),
formula = Adj ~ 1 | Location/Block,
inner = list(Block = ~Trt),
labels = list(y = "Adjusted yield"),
order.groups = list(Location = TRUE, Block = TRUE),
row.names = 1:108,
formulaList = list(Location = ~Location, Block = ~Block))
