### $Id: TeachingI.q,v 1.2 1998/05/21 14:18:01 bates Exp $
### Split-plot analysis of covariance data for different teachers (uTeacher)
### using different methods (Method) on Students of different genders.
### Data set 5.6 in "SAS System for Mixed Models"
"TeachingI" <-
  structure(list(
  Method = structure(factor(c(1, 1, 1, 1, 1, 1, 
    1, 1, 1, 1, 1, 1, 1, 1, 1, 1, 1, 1, 1, 1, 1, 1, 1, 1, 1, 1, 1, 
    1, 1, 1, 1, 1, 2, 2, 2, 2, 2, 2, 2, 2, 2, 2, 2, 2, 2, 2, 2, 2, 
    2, 2, 2, 2, 2, 2, 2, 2, 2, 2, 2, 2, 2, 2, 2, 2, 3, 3, 3, 3, 3, 
    3, 3, 3, 3, 3, 3, 3, 3, 3, 3, 3, 3, 3, 3, 3, 3, 3, 3, 3, 3, 3, 
    3, 3, 3, 3, 3, 3), levels=1:3), class = "factor",
    .Label = c("1", "2", "3")),
Teacher = structure(factor(c(1, 1, 1, 1, 1, 1, 1, 
  1, 2, 2, 2, 2, 2, 2, 2, 2, 3, 3, 3, 3, 3, 3, 3, 3, 4, 4, 4, 4, 
  4, 4, 4, 4, 1, 1, 1, 1, 1, 1, 1, 1, 2, 2, 2, 2, 2, 2, 2, 2, 3, 
  3, 3, 3, 3, 3, 3, 3, 4, 4, 4, 4, 4, 4, 4, 4, 1, 1, 1, 1, 1, 1, 
  1, 1, 2, 2, 2, 2, 2, 2, 2, 2, 3, 3, 3, 3, 3, 3, 3, 3, 4, 4, 4, 
  4, 4, 4, 4, 4), levels=1:4), class = "factor",
  .Label = c("1", "2", "3", "4")),
Gender = structure(factor(c(1, 1, 1, 1, 2, 2, 
  2, 2, 1, 1, 1, 1, 2, 2, 2, 2, 1, 1, 1, 1, 2, 2, 2, 2, 1, 1, 1, 
  1, 2, 2, 2, 2, 1, 1, 1, 1, 2, 2, 2, 2, 1, 1, 1, 1, 2, 2, 2, 2, 
  1, 1, 1, 1, 2, 2, 2, 2, 1, 1, 1, 1, 2, 2, 2, 2, 1, 1, 1, 1, 2, 
  2, 2, 2, 1, 1, 1, 1, 2, 2, 2, 2, 1, 1, 1, 1, 2, 2, 2, 2, 1, 1, 
  1, 1, 2, 2, 2, 2), levels=1:2), .Label = c("f", "m"), class = "factor"),
Student = structure(factor(c(1, 
  2, 3, 4, 1, 2, 3, 4, 1, 2, 3, 4, 1, 2, 3, 4, 1, 2, 3, 4, 1, 2, 
  3, 4, 1, 2, 3, 4, 1, 2, 3, 4, 1, 2, 3, 4, 1, 2, 3, 4, 1, 2, 3, 
  4, 1, 2, 3, 4, 1, 2, 3, 4, 1, 2, 3, 4, 1, 2, 3, 4, 1, 2, 3, 4, 
  1, 2, 3, 4, 1, 2, 3, 4, 1, 2, 3, 4, 1, 2, 3, 4, 1, 2, 3, 4, 1, 
  2, 3, 4, 1, 2, 3, 4, 1, 2, 3, 4), levels=1:4), class = "factor",
  .Label = c("1", "2", "3", "4")),
score = c(15, 17, 16, 16, 17, 16, 17, 17, 18, 
  17, 17, 16, 16, 17, 18, 17, 15, 15, 15, 16, 15, 15, 15, 16, 16, 
  17, 16, 15, 14, 17, 17, 16, 21, 22, 22, 21, 20, 20, 21, 22, 21, 
  20, 20, 21, 18, 19, 20, 19, 23, 23, 24, 23, 21, 20, 21, 22, 23, 
  22, 22, 22, 19, 19, 19, 20, 33, 31, 31, 32, 27, 28, 27, 27, 28, 
  27, 27, 29, 23, 23, 24, 23, 30, 29, 29, 30, 25, 25, 26, 24, 28, 
  27, 28, 30, 25, 25, 22, 25),
Experience = c(11, 11, 11, 11, 11, 
  11, 11, 11, 8, 8, 8, 8, 8, 8, 8, 8, 9, 9, 9, 9, 9, 9, 9, 9, 17, 
  17, 17, 17, 17, 17, 17, 17, 6, 6, 6, 6, 6, 6, 6, 6, 11, 11, 11, 
  11, 11, 11, 11, 11, 13, 13, 13, 13, 13, 13, 13, 13, 18, 18, 18, 
  18, 18, 18, 18, 18, 8, 8, 8, 8, 8, 8, 8, 8, 18, 18, 18, 18, 18, 
  18, 18, 18, 12, 12, 12, 12, 12, 12, 12, 12, 6, 6, 6, 6, 6, 6, 
  6, 6),
uTeacher = structure(ordered(c(1, 1, 
  1, 1, 1, 1, 1, 1, 2, 2, 2, 2, 2, 2, 2, 2, 3, 3, 3, 3, 3, 3, 3, 
  3, 4, 4, 4, 4, 4, 4, 4, 4, 5, 5, 5, 5, 5, 5, 5, 5, 6, 6, 6, 6, 
  6, 6, 6, 6, 7, 7, 7, 7, 7, 7, 7, 7, 8, 8, 8, 8, 8, 8, 8, 8, 9, 
  9, 9, 9, 9, 9, 9, 9, 10, 10, 10, 10, 10, 10, 10, 10, 11, 11, 
  11, 11, 11, 11, 11, 11, 12, 12, 12, 12, 12, 12, 12, 12), levels=1:12),
  class = c("ordered", "factor"),
  .Label = c("1/1", "1/2", "1/3", "1/4", "2/1", "2/2", 
    "2/3", "2/4", "3/1", "3/2", "3/3", "3/4"))),
class = c("nffGroupedData", "nfGroupedData", "groupedData", "data.frame"),
row.names = as.character(1:96),
formula = score ~ 1 | uTeacher,
inner = ~Gender,
FUN = function (x) max(x, na.rm = TRUE),
order.groups = TRUE)
